Pos:  Ch:  Name:                          R: Gm: Pt: 4P: 3P: 2P:
----------------------------------------------------------------
  1. ( - ) Timofei Shatrov                14 216 279  22  23  61
  2. ( - ) Toby                           14 216 264  29  12  56
  3. ( +1) Miljenko                       14 216 261  20  21  59
  4. ( +1) Nick the Greek                 14 216 253  23  15  58
  5. ( -2) Mark Goodge                    14 216 245  18  19  58
  6. ( +1) The Wielder of the Scythe      12 184 182   9  24  37
  7. ( -1) Chris F                        10 160 173  18  13  31
  8. ( +1) AGCM Oracle                    14 216 154   9  18  32
  9. ( -1) biz                             9 144 150  11  18  26
 10. ( - ) traveler                        1  16  19   2   1   4
